1.3934
1.3853
1.3835
1.3822
1.3812
1.3808
1.3807
1.3796
1.3811
1.3790
1.3784
1.3764
1.3757
1.3738
1.3755
1.3741
1.3700
1.3725
1.3742
1.3680
1.3666
1.3694
1.3610
1.3576
1.3593
1.3575
1.3661
1.3514
1.3558
1.3498
1.3477
1.3413
1.3374
1.3351
1.3376
1.3303
1.3340
1.3268
1.3251
1.3169
1.3152
1.3112
1.3003
1.2926
1.3075
1.2870
1.2803
1.2898
1.2870
1.3091
1.2799
1.2940
1.2425
1.2660
1.2404
1.2461
1.2207
1.2048
1.2353
1.2239
1.2002
1.1858
1.1796
1.1926
1.1653
1.1548
1.1296
1.1772
1.1533
1.1157
1.1165
1.1149
1.1208
1.0826
1.0931
1.0379
1.0240
1.0345
1.1807
1.1050
1.0511
1.0557
1.0887
1.0664
0.9943
0.9996
0.9720
0.9643
0.9676
0.9625
0.9152
0.9774
0.9612
0.8890
0.8700
0.9446
0.8790
0.8838
0.9357
1.1089
0.9769
0.9384
0.8925
0.7562
0.7917
0.8769
0.9311
0.8579
0.7532
0.8757
0.7030
0.7289
0.6893
0.9668
0.8584
0.7468
0.8010
0.7394
0.9010
0.7898
0.7728
0.8602
0.7119
0.6727
0.7328
0.7183
0.8968
0.9176
0.6833
0.7184
0.6568
0.7773
0.7051
1.0675
0.9637
0.7834
0.6864
0.7872
0.7667
0.6469
0.6208
0.8883
0.6349
0.7554
0.8029
0.7014
0.7228
0.7331
0.6970
0.5801
0.6021
0.7066
0.9632
0.7041
0.5858
0.8383
0.7742
0.6837
0.7255
0.7333
0.8036
0.6042
0.8268
0.6868
0.6322
0.7664
0.6201
0.6927
0.6668
0.6347
0.8131
0.5912
0.5812
0.6886
0.5797
0.6254
0.6354
0.9495
0.6770
0.8757
0.5953
0.7073
0.7443
0.8587
0.5823
0.7030
0.6211
0.5732
0.7003
0.6699
0.6356
0.7479
0.5749
0.6794
0.6792
0.5851
0.6756
0.5544
0.5247
0.4937
