1.3831
1.3822
1.3821
1.3792
1.3776
1.3764
1.3752
1.3747
1.3750
1.3722
1.3702
1.3729
1.3674
1.3664
1.3668
1.3651
1.3605
1.3663
1.3525
1.3528
1.3487
1.3473
1.3535
1.3469
1.3429
1.3410
1.3372
1.3316
1.3275
1.3214
1.3387
1.3289
1.3112
1.3076
1.3012
1.3155
1.2987
1.3026
1.2807
1.2625
1.2731
1.2612
1.2626
1.2343
1.2635
1.2300
1.2579
1.2227
1.2269
1.2140
1.1894
1.1931
1.2019
1.1871
1.1998
1.1987
1.1301
1.1885
1.1617
1.1266
1.0723
1.1223
1.0625
1.0976
1.0745
1.0934
1.0452
1.0822
1.0528
1.0036
1.0167
1.0970
1.0033
0.9963
0.9471
1.0781
1.1130
0.9354
0.9368
0.8683
0.9611
0.9332
0.8322
0.8120
0.8622
0.8918
0.8909
0.8547
0.8402
0.8405
0.8609
0.7264
0.8396
0.8277
0.8796
0.7487
0.8057
0.7842
0.6682
0.7307
0.7524
0.6538
0.9465
0.6521
0.6839
0.6559
0.5726
0.5823
0.6259
0.8418
0.6921
0.6976
0.7362
0.5783
0.5032
0.5772
0.5007
0.5232
0.5079
0.5627
0.4685
0.4864
0.4825
0.4895
0.7136
0.5344
0.7828
0.4560
0.4313
0.4762
0.8339
0.5054
0.4754
0.8373
0.4559
0.4936
0.3960
0.5365
0.6005
0.3676
0.3738
0.6828
0.4399
0.4227
0.4236
0.3814
0.4562
0.5558
0.4604
0.3981
0.3211
0.4009
0.4060
0.4528
0.4262
0.4022
0.5452
0.3592
0.4312
0.3974
0.3602
0.7064
0.9479
0.5256
0.5266
0.3469
0.5697
0.3252
0.2941
0.3046
0.4519
0.3686
0.4071
0.6761
0.3853
0.3825
0.3308
0.3722
0.2899
0.6753
0.3422
0.3002
0.7453
0.2410
0.2982
0.3539
0.7035
0.3437
0.4930
0.5042
0.3336
0.4131
0.3247
0.2350
0.3820
0.2603
0.4334
0.5675
0.3017
0.3632
