1.3882
1.3745
1.3699
1.3664
1.3627
1.3583
1.3540
1.3477
1.3409
1.3348
1.3251
1.3170
1.3089
1.2974
1.2843
1.2729
1.2603
1.2436
1.2209
1.2057
1.1830
1.1693
1.1388
1.1251
1.1011
1.0690
1.0566
1.0310
0.9972
0.9801
0.9545
0.9030
0.8778
0.8446
0.8334
0.7724
0.7736
0.7334
0.7234
0.6922
0.6350
0.6174
0.5964
0.5587
0.5764
0.5180
0.4667
0.4630
0.4919
0.4443
0.4402
0.4420
0.3869
0.3852
0.3769
0.3325
0.3062
0.3136
0.3166
0.3259
0.3801
0.2638
0.3684
0.2459
0.2735
0.2180
0.2388
0.2575
0.2284
0.2295
0.2014
0.2052
0.2349
0.1942
0.1775
0.2130
0.2423
0.2169
0.2125
0.1914
0.2000
0.2336
0.1809
0.2135
0.1541
0.1385
0.1747
0.1624
0.1702
0.1844
0.1557
0.1989
0.2259
0.1133
0.1728
0.1749
0.1415
0.1666
0.1304
0.1715
0.1360
0.1614
0.1839
0.1349
0.1530
0.1451
0.1115
0.1360
0.1348
0.1500
0.1812
0.1423
0.1323
0.1577
0.1342
0.1739
0.1348
0.1339
0.1440
0.1393
0.1630
0.2176
0.1094
0.1517
0.1219
0.0977
0.1521
0.1913
0.1725
0.1924
0.2012
0.1374
0.1485
0.1474
0.1747
0.2271
0.1717
0.1900
0.1455
0.1569
0.1418
0.0869
0.1419
0.1591
0.1467
0.1587
0.1670
0.1094
0.1534
0.1453
0.1420
0.2974
0.1133
0.1554
0.0954
0.1705
0.1175
0.1502
0.1204
0.1815
0.1572
0.1442
0.1640
0.1213
0.1132
0.1381
0.1202
0.1561
0.1399
0.1095
0.1149
0.1410
0.1222
0.2285
0.1869
0.0993
0.1675
0.1628
0.1486
0.2587
0.1192
0.0951
0.1538
0.1447
0.2222
0.1815
0.1449
0.0955
0.1449
0.1254
0.1000
0.1684
0.1132
0.1246
0.1159
0.1095
0.1450
0.1395
0.1026
0.1647
