1.3774
1.2967
1.2718
1.2069
1.1485
1.1064
1.0532
1.0426
1.0119
0.9534
0.9387
0.8529
0.8172
0.8092
0.8082
0.7053
0.7533
0.7634
0.6689
0.6659
0.6577
0.5418
0.5516
0.5180
0.4314
0.5820
0.5138
0.4212
0.4862
0.4838
0.4896
0.5099
0.3655
0.4948
0.3596
0.3979
0.3015
0.3647
0.4385
0.3524
0.2711
0.3621
0.3695
0.3215
0.3820
0.4200
0.3719
0.4749
0.2991
0.3781
0.3681
0.4520
0.2296
0.3181
0.4747
0.3040
0.2592
0.2221
0.4347
0.3875
0.2125
0.2932
0.2515
0.4148
0.4023
0.2064
0.3240
0.1934
0.4304
0.2511
0.2254
0.2420
0.2548
0.3020
0.3358
0.2182
0.2319
0.4619
0.2505
0.2596
0.3871
0.3948
0.2652
0.1972
0.2739
0.2754
0.1633
0.2623
0.3332
0.3033
0.2191
0.4181
0.2207
0.2555
0.1769
0.2001
0.3020
0.2228
0.4361
0.1704
0.1664
0.2259
0.3168
0.2391
0.1855
0.1444
0.2097
0.3266
0.1844
0.2158
0.3126
0.3427
0.1992
0.1469
0.3227
0.2812
0.1593
0.3092
0.1609
0.2712
0.2049
0.1511
0.2471
0.1776
0.2091
0.1495
0.1392
0.1422
0.3207
0.2748
0.1976
0.1893
0.1984
0.1490
0.2776
0.2890
0.1050
0.1131
0.3159
0.1558
0.1873
0.1423
0.1966
0.1989
0.2054
0.2202
0.1088
0.2842
0.3021
0.3827
0.1969
0.1272
0.1538
0.1440
0.2118
0.2194
0.2330
0.3951
0.1461
0.1796
0.2508
0.1734
0.1427
0.1746
0.0895
0.1377
0.1137
0.2490
0.1196
0.1360
0.1909
0.2375
0.2550
0.2856
0.2446
0.2074
0.1392
0.2091
0.1992
0.1663
0.1900
0.1959
0.1158
0.1467
0.2567
0.1940
0.1306
0.3638
0.1703
0.0899
0.0855
0.1288
0.1489
0.2194
0.1387
0.1796
0.2400
0.1174
0.1844
0.1309
